3040200010
3040200012
3040230015
3040200016
3040200018
3040200020
3040210015
3040210017
3040230017
3040230019
3040230021
3040230024
3040240015
3040240017
3039500000
3039520000
3039540000
3039560000
3039580000
3039600000
3039620000
3039710000
3039730000
3039750000
3039770000
3039790000
3039810000
3039830000
3039850000
3039870000
3039890000
3039910000
3039930000
3039950000
3039970000
3039990000
3040010000
3040030000
3040060000
3040080000
3041390000
3041410000
3041430000
3041540000
3041620000
3041900000
3041930000
3041950000
3042080000
3042100000